4294967278,386
4294967279,466
4294967278,385
234,2
235,2
4294967278,384
236,2
4294967278,164
4294967279,465
239,2
4294967278,157
4294967278,156
4294967278,155
4294967278,7
4294967278,6
4294967279,8
4294967279,7
4294967279,149
241,4
4294967278,149
4294967279,148
4294967279,146
234,5
234,4
4294967279,145
236,6
236,5
268,5
4294967279,144
238,1
238,5
241,5
268,4
239,4
241,1
235,5
235,4
4294967279,143
4294967279,142
239,1
241,6
239,5
245,6
245,7
245,5
4294967279,140
4294967279,139
236,4
4294967294,66
4294967279,138
4294967294,90
4294967294,1494
4294967294,1668
4294967294,35
4294967294,1547
4294967294,38
4294967293,131
4294967293,130
4294967293,129
4294967293,128
4294967293,127
4294967293,126
4294967293,125
4294967293,124
4294967293,123
4294967293,122
4294967293,121
4294967293,120
4294967293,119
4294967293,118
4294967293,117
4294967293,116
4294967293,115
4294967293,114
4294967293,113
4294967293,112
4294967293,111
4294967293,110
4294967293,109
4294967293,108
4294967293,107
4294967293,106
4294967293,105
4294967293,104
4294967293,103
4294967293,102
4294967293,101
4294967293,100
4294967293,99
4294967293,98
4294967293,97
4294967293,96
4294967293,95
4294967293,94
4294967293,93
4294967293,92
4294967293,91
4294967293,90
4294967293,89
4294967293,87
4294967293,86
4294967293,85
4294967293,84
4294967293,83
4294967293,82
4294967293,81
4294967293,80
4294967293,79
4294967293,78
4294967293,77
4294967293,76
4294967293,75
4294967293,74
4294967293,73
4294967293,72
4294967293,71
4294967293,70
4294967293,69
4294967293,68
4294967293,67
4294967293,66
4294967293,65
4294967293,64
4294967293,63
4294967293,62
4294967293,61
4294967293,60
4294967293,59
4294967293,58
4294967293,57
4294967293,56
4294967293,55
4294967293,54
4294967293,53
4294967293,52
4294967293,51
4294967293,50
4294967293,49
4294967293,48
4294967293,47
4294967293,46
4294967293,45
4294967293,44
4294967293,43
4294967293,42
4294967293,41
4294967293,40
4294967293,39
4294967293,38
4294967293,37
4294967293,36
4294967293,35
4294967293,34
4294967293,33
4294967293,32
4294967293,31
4294967293,30
4294967293,29
4294967293,28
4294967293,27
4294967293,26
4294967293,25
4294967293,24
4294967293,23
4294967293,22
4294967293,21
4294967293,20
4294967293,19
4294967293,18
4294967293,17
4294967293,16
4294967293,15
4294967293,14
4294967293,13
4294967293,12
4294967293,11
4294967293,10
4294967293,9
4294967293,8
4294967293,7
4294967293,6
4294967293,5
4294967293,4
4294967293,3
4294967278,257
4294967278,130
4294967278,129
4294967278,127
4294967278,126
4294967278,288
4294967278,344
4294967278,125
4294967278,123
4294967278,122
4294967278,287
4294967278,120
4294967278,119
4294967278,118
4294967278,117
4294967278,565
4294967278,116
4294967278,286
4294967278,115
4294967278,114
4294967278,113
4294967278,112
4294967278,111
4294967278,110
4294967278,109
4294967278,108
4294967278,107
4294967278,106
4294967278,105
4294967278,104
4294967278,103
4294967278,102
4294967278,101
4294967278,561
4294967278,100
4294967278,256
4294967278,99
4294967278,98
4294967278,573
4294967278,97
4294967278,96
4294967278,95
4294967278,94
4294967278,93
4294967278,92
4294967278,84
4294967278,552
4294967278,285
4294967278,543
4294967278,64
4294967278,513
4294967278,63
4294967278,59
4294967278,567
4294967278,51
4294967278,290
4294967278,49
4294967278,562
4294967278,48
4294967278,282
4294967278,309
4294967278,44
4294967278,308
4294967278,43
4294967278,154
4294967278,42
4294967278,40
4294967278,39
4294967278,328
4294967278,38
4294967278,301
4294967278,37
4294967278,35
4294967278,299
4294967278,34
4294967278,541
4294967278,33
4294967278,32
4294967278,334
4294967278,31
4294967278,30
4294967278,29
4294967278,357
4294967278,28
4294967278,27
4294967278,331
4294967278,26
4294967278,25
4294967278,315
4294967278,23
4294967278,325
4294967278,21
4294967278,283
4294967278,18
4294967278,337
4294967278,16
4294967278,13
4294967278,11
4294967278,376
4294967278,260
4294967278,2
4294967278,0
4294967279,373
4294967279,131
4294967279,381
4294967279,130
4294967279,129
4294967279,127
4294967279,126
4294967279,125
4294967279,124
4294967279,123
4294967279,447
4294967279,122
4294967279,120
4294967279,119
4294967279,113
4294967279,88
4294967279,337
4294967279,95
4294967279,85
4294967279,258
4294967279,444
4294967279,349
4294967279,443
4294967279,347
4294967279,285
4294967279,6
4294967279,2
4294967294,49
4294967294,1628
4294967294,1685
4294967294,103
4294967294,520
4294967294,46
4294967294,2
4294967294,427
4294967294,24
4294967278,566
4294967278,559
4294967278,549
4294967279,442
4294967279,446
4294967279,385
4294967279,280
4294967279,278
4294967279,445
4294967278,555
4294967279,335
1,0
4294967294,2442
4294967294,1642
4294967294,1678
4294967294,1466
4294967294,7
4294967294,6
4294967294,5
4294967294,1
4294967294,12
4294967294,1624
4294967294,1548
4294967294,17
4294967294,96
4294967294,74
4294967294,40
4294967294,1618
4294967294,1950
4294967294,1686
4294967294,1467
4294967294,79
4294967294,0
4294967294,11
4294967294,1479
4294967294,41
4294967294,65
4294967294,42
4294967294,1481
4294967294,1562
4294967294,1564
4294967294,1493
4294967294,1492
4294967294,1491
4294967294,1490
4294967294,1489
4294967294,1488
4294967294,1486
4294967294,1478
4294967294,1477
4294967294,1483
4294967294,1475
4294967294,1476
4294967294,1558
4294967294,1557
4294967294,1563
4294967294,1485
4294967294,1487
4294967294,1412
4294967294,743
4294967294,742
4294967294,741
4294967294,740
4294967294,737
4294967294,144
4294967294,734
4294967294,732
4294967294,731
4294967294,730
4294967294,729
4294967294,728
4294967294,727
4294967294,726
4294967294,725
4294967294,723
4294967294,722
4294967294,1427
4294967294,719
4294967294,718
4294967294,717
4294967294,711
4294967294,710
4294967294,708
4294967294,707
4294967294,704
4294967294,702
4294967294,701
4294967294,698
4294967294,697
4294967294,694
4294967294,693
4294967294,691
4294967294,689
4294967294,682
4294967294,679
4294967294,738
4294967294,2039
4294967294,677
4294967294,676
4294967294,674
4294967294,672
4294967294,670
4294967294,669
4294967294,667
4294967294,666
4294967294,664
4294967294,137
4294967294,655
4294967294,654
4294967294,653
4294967294,652
4294967294,651
4294967294,650
4294967294,648
4294967294,647
4294967294,644
4294967294,643
4294967294,640
4294967294,639
4294967294,636
4294967294,634
4294967294,633
4294967294,1679
4294967294,631
4294967294,630
4294967294,629
4294967294,626
4294967294,625
4294967294,621
4294967294,618
4294967294,617
4294967294,612
4294967294,611
4294967294,607
4294967294,605
4294967294,603
4294967294,601
4294967294,600
4294967294,599
4294967294,598
4294967294,594
4294967294,593
4294967294,592
4294967294,132
4294967294,589
4294967294,588
4294967294,585
4294967294,583
4294967294,581
4294967294,580
4294967294,579
4294967294,130
4294967294,578
4294967294,318
4294967294,317
4294967294,316
4294967294,315
4294967294,313
4294967294,312
4294967294,311
4294967294,310
4294967294,309
4294967294,308
4294967294,306
4294967294,304
4294967294,2437
4294967294,303
4294967294,302
4294967294,301
4294967294,299
4294967294,298
4294967294,297
4294967294,296
4294967294,294
4294967294,2045
4294967294,292
4294967294,289
4294967294,288
4294967294,1468
4294967294,287
4294967294,286
4294967294,285
4294967294,2434
4294967294,283
4294967294,280
4294967294,277
4294967294,276
4294967294,274
4294967294,273
4294967294,268
4294967294,266
4294967294,265
4294967294,264
4294967294,571
4294967294,259
4294967294,258
4294967294,257
4294967294,256
4294967294,254
4294967294,252
4294967294,249
4294967294,248
4294967294,1127
4294967294,247
4294967294,1119
4294967294,2044
4294967294,245
4294967294,242
4294967294,241
4294967294,240
4294967294,237
4294967294,236
4294967294,235
4294967294,231
4294967294,229
4294967294,225
4294967294,221
4294967294,220
4294967294,219
4294967294,218
4294967294,215
4294967294,790
4294967294,212
4294967294,210
4294967294,804
4294967294,207
4294967294,136
4294967294,206
4294967294,203
4294967294,201
4294967294,200
4294967294,807
4294967294,196
4294967294,195
4294967294,193
4294967294,562
4294967294,560
4294967294,558
4294967294,2433
4294967294,556
4294967294,555
4294967294,551
4294967294,1687
4294967294,550
4294967294,548
4294967294,143
4294967294,546
4294967294,554
4294967294,542
4294967294,541
4294967294,539
4294967294,563
4294967294,536
4294967294,570
4294967294,572
4294967294,534
4294967294,141
4294967294,533
4294967294,532
4294967294,531
4294967294,139
4294967294,530
4294967294,125
4294967294,569
4294967294,529
4294967294,126
4294967294,622
4294967294,566
4294967294,619
4294967294,575
4294967294,808
4294967294,8
4294967294,1473
4294967294,9
4294967294,1986
4294967294,1719
4294967294,417
4294967294,1712
4294967294,1702
4294967294,525
4294967294,1696
4294967294,2432
4294967294,1115
4294967294,1937
4294967294,1936
4294967294,1106
4294967294,1934
4294967294,1984
4294967294,1932
4294967294,1931
4294967294,1930
4294967294,442
4294967294,1929
4294967294,1928
4294967294,1721
4294967294,1926
4294967294,1605
4294967294,1692
4294967294,1703
4294967294,1922
4294967294,1921
4294967294,1604
4294967294,1441
4294967294,2026
4294967294,1700
4294967294,1709
4294967294,1988
4294967294,1724
4294967294,1725
4294967294,1708
4294967294,1716
4294967294,1713
4294967294,1714
4294967294,1723
4294967294,1701
4294967294,1715
4294967294,1683
4294967294,1681
4294967294,1673
4294967294,1850
4294967294,1849
4294967294,1848
4294967294,1847
4294967294,1846
4294967294,1844
4294967294,1843
4294967294,1842
4294967294,1841
4294967294,1840
4294967294,1839
4294967294,1838
4294967294,1837
4294967294,1836
4294967294,1835
4294967294,1845
4294967294,1834
4294967279,246
4294967279,362
4294967278,546
4294967278,227
4294967279,343
4294967278,225
4294967279,440
4294967279,229
4294967278,213
4294967279,223
4294967279,336
4294967278,279
4294967278,540
4294967278,525
4294967279,334
4294967278,524
4294967279,314
4294967279,305
4294967279,318
4294967278,298
4294967294,1450
4294967294,1600
4294967294,1452
4294967294,1428
4294967294,2010
4294967294,1425
4294967294,1448
4294967294,1438
4294967294,1432
4294967294,1440
4294967294,1435
4294967294,1429
4294967294,1434
4294967294,1447
4294967294,1602
4294967294,1444
4294967294,1449
4294967294,2440
4294967294,1418
4294967294,1419
4294967294,1667
4294967294,1417
4294967294,1509
4294967294,1470
4294967294,1507
4294967294,1506
4294967294,1504
4294967294,1546
4294967294,1545
4294967294,1543
4294967294,1503
4294967294,1505
4294967294,1501
4294967294,1500
4294967294,1499
4294967294,1508
4294967294,1498
4294967294,1542
4294967294,1544
4294967294,1414
4294967294,396
4294967294,1420
4294967294,1423
4294967294,1410
4294967294,1718
4294967294,1150
4294967294,121
4294967294,120
4294967294,119
4294967294,395
4294967294,386
4294967294,385
4294967294,1833
4294967294,1832
4294967294,1831
4294967294,1830
4294967294,1829
4294967294,1827
4294967294,1826
4294967294,1825
4294967294,1824
4294967294,1823
4294967294,1822
4294967294,1821
4294967294,1820
4294967294,1819
4294967294,1818
4294967294,1828
4294967294,1817
4294967294,1816
4294967294,1815
4294967294,1814
4294967294,1813
4294967294,1812
4294967294,1810
4294967294,1809
4294967294,1808
4294967294,1807
